1 3 5 7 6 5 4 3 2 1 0 1 3 5 7 6 5 4 3 2 1 3 5 7 6 7 8 7 6 5 4 3 2 1 3 5 4 3 6 5 7 
1 3 5 7 6 5 4 3 2 1 0 1 3 5 7 6 5 4 3 2 1 3 5 7 8 7 6 5 4 3 2 1 3 5 4 3 7 6 5 8 7 
1 3 5 7 6 5 4 3 2 1 0 1 3 5 7 6 5 4 3 2 1 3 5 4 3 2 3 7 6 5 7 8 7 6 5 4 3 2 1 5 7 
1 3 5 7 6 5 4 3 2 1 0 1 3 5 7 6 5 4 3 2 1 3 5 4 3 7 6 5 7 8 7 6 5 4 3 2 1 3 4 5 7 
1 3 5 7 6 5 4 3 2 1 0 1 3 5 7 6 5 4 3 2 1 3 5 4 7 6 5 7 8 7 6 5 4 3 2 1 3 4 3 5 7 
1 3 5 7 6 5 4 3 2 1 0 1 3 5 7 6 5 4 3 2 1 3 5 6 7 8 7 6 5 4 3 2 1 3 5 4 3 7 6 5 7 
1 3 5 7 6 5 4 3 2 1 0 1 3 5 7 6 5 4 3 2 1 3 5 8 7 6 5 4 3 2 1 3 5 4 3 7 8 7 6 5 7 
1 3 5 7 6 5 4 3 2 1 0 1 3 5 7 6 5 4 3 2 1 3 2 5 4 3 7 6 5 7 8 7 6 5 4 3 2 1 3 5 7 
1 3 5 7 6 5 4 3 2 1 0 1 3 5 7 8 7 6 5 4 3 2 1 3 5 7 6 5 4 3 2 3 5 4 3 7 8 7 6 5 7 
1 3 5 7 6 5 4 3 2 1 0 1 3 5 4 3 2 1 3 5 7 6 5 4 3 2 1 3 5 7 6 5 8 7 6 5 4 3 2 1 5 
1 3 5 7 6 5 4 3 2 1 0 1 3 5 4 3 2 1 3 5 7 6 5 4 3 2 1 3 5 7 8 7 6 5 4 3 2 1 7 6 5 
1 3 5 7 6 5 4 3 2 1 0 1 3 5 4 3 2 1 3 5 7 6 5 4 3 2 1 3 7 6 5 8 7 6 5 4 3 2 1 5 7 
1 3 5 7 6 5 4 3 2 1 0 1 3 5 4 3 2 1 3 5 7 6 5 4 3 2 1 3 7 8 7 6 5 4 3 2 1 7 6 5 7 
1 3 5 7 6 5 4 3 2 1 0 1 3 5 4 3 2 1 3 5 7 6 5 4 3 2 3 5 7 8 7 6 5 4 3 2 1 5 7 6 5 
1 3 5 7 6 5 4 3 2 1 0 1 3 5 4 3 2 1 3 5 7 6 5 4 3 5 7 8 7 6 5 4 3 2 1 3 4 5 7 6 5 
1 3 5 7 6 5 4 3 2 1 0 1 3 5 4 3 2 1 3 5 7 6 5 4 3 7 6 5 8 7 6 5 4 3 2 1 3 5 4 5 7 
1 3 5 7 6 5 4 3 2 1 0 1 3 5 4 3 2 1 3 5 7 6 5 4 3 7 8 7 6 5 4 3 2 1 3 7 6 5 4 5 7 
1 3 5 7 6 5 4 3 2 1 0 1 3 5 4 3 2 1 3 5 7 6 5 7 8 7 6 5 4 3 2 1 0 3 5 4 3 7 6 5 7 
1 3 5 7 6 5 4 3 2 1 0 1 3 5 4 3 2 1 3 5 7 6 5 7 8 7 6 5 4 3 2 1 3 5 4 3 2 7 6 5 7 
1 3 5 7 6 5 4 3 2 1 0 1 3 5 4 3 2 1 3 5 7 6 5 7 8 7 6 5 4 3 2 1 3 5 4 3 6 5 7 6 5 
1 3 5 7 6 5 4 3 2 1 0 1 3 5 4 3 2 1 3 5 7 6 5 7 8 7 6 5 4 3 2 1 3 5 4 3 7 6 5 4 7 
1 3 5 7 6 5 4 3 2 1 0 1 3 5 4 3 2 1 3 5 7 6 7 8 7 6 5 4 3 2 1 3 5 6 5 4 3 5 7 6 5 
1 3 5 7 6 5 4 3 2 1 0 1 3 5 4 3 2 1 3 5 7 8 7 6 5 4 3 2 1 3 5 7 6 5 4 3 5 8 7 6 5 
1 3 5 7 6 5 4 3 2 1 0 1 3 5 4 3 2 1 3 5 7 8 7 6 5 4 3 2 1 3 5 7 6 5 4 3 7 8 7 6 5 
1 3 5 7 6 5 4 3 2 1 0 1 3 5 4 3 2 1 3 5 4 5 7 6 5 7 8 7 6 5 4 3 2 1 3 5 4 3 7 6 5 
1 3 5 7 6 5 4 3 2 1 0 1 3 5 4 3 2 1 3 5 4 5 6 5 7 8 7 6 5 4 3 2 1 3 5 7 6 5 4 3 5 
1 3 5 7 6 5 4 3 2 1 0 1 3 5 4 3 2 1 3 5 4 7 6 5 7 8 7 6 5 4 3 2 1 3 5 4 3 5 7 6 5 
1 3 5 7 6 5 4 3 2 1 0 1 3 5 4 3 2 1 3 5 6 5 4 5 7 6 5 7 8 7 6 5 4 3 2 1 3 5 4 3 5 
1 3 5 7 6 5 4 3 2 1 0 1 3 5 4 3 2 1 3 5 6 5 7 6 5 4 3 2 1 3 5 8 7 6 5 4 3 2 1 5 7 
1 3 5 7 6 5 4 3 2 1 0 1 3 5 4 3 2 1 3 5 6 5 7 6 5 4 3 5 8 7 6 5 4 3 2 1 3 5 4 5 7 
1 3 5 7 6 5 4 3 2 1 0 1 3 5 4 3 2 1 3 5 6 5 7 8 7 6 5 4 3 2 1 0 3 5 7 6 5 4 3 5 7 
1 3 5 7 6 5 4 3 2 1 0 1 3 5 4 3 2 1 3 5 6 5 7 8 7 6 5 4 3 2 1 3 5 7 6 5 4 3 5 4 7 
1 3 5 7 6 5 4 3 2 1 0 1 3 5 4 3 2 1 3 5 6 5 7 8 7 6 5 4 3 2 1 3 5 4 3 7 6 5 4 3 7 
1 3 5 7 6 5 4 3 2 1 0 1 3 5 4 3 2 1 3 5 6 5 7 8 7 6 5 4 3 2 1 5 7 6 5 4 3 5 4 5 7 
1 3 5 7 6 5 4 3 2 1 0 1 3 5 4 3 2 1 3 5 6 5 7 8 7 6 5 4 3 2 1 5 4 3 7 6 5 4 3 5 7 
1 3 5 7 6 5 4 3 2 1 0 1 3 5 4 3 2 1 3 5 6 7 8 7 6 5 4 3 2 1 3 5 7 6 5 4 3 5 7 6 5 
1 3 5 7 6 5 4 3 2 1 0 1 3 5 4 3 2 1 3 5 8 7 6 5 4 3 2 1 3 5 7 8 7 6 5 4 3 5 7 6 5 
1 3 5 7 6 5 4 3 2 1 0 1 3 5 4 3 2 1 3 2 7 6 5 4 3 5 7 6 5 7 8 7 6 5 4 3 2 1 3 5 7 
1 3 5 7 6 5 4 3 2 1 0 1 3 5 4 3 2 1 3 4 5 7 6 5 7 8 7 6 5 4 3 2 1 3 5 4 3 7 6 5 7 
1 3 5 7 6 5 4 3 2 1 0 1 3 5 4 3 2 1 3 6 5 4 5 7 6 5 7 8 7 6 5 4 3 2 1 3 5 4 3 5 7 
1 3 5 7 6 5 4 3 2 1 0 1 3 5 4 3 2 1 3 6 5 7 6 5 4 3 2 1 3 5 7 8 7 6 5 4 3 2 1 5 7 
1 3 5 7 6 5 4 3 2 1 0 1 3 5 4 3 2 1 3 6 5 7 6 5 4 3 5 7 8 7 6 5 4 3 2 1 3 5 4 5 7 
1 3 5 7 6 5 4 3 2 1 0 1 3 5 4 3 2 1 3 7 6 5 4 3 2 1 3 7 6 5 7 8 7 6 5 4 3 2 1 5 7 
1 3 5 7 6 5 4 3 2 1 0 1 3 5 4 3 2 1 3 7 6 5 4 3 2 3 5 7 6 5 7 8 7 6 5 4 3 2 1 5 7 
1 3 5 7 6 5 4 3 2 1 0 1 3 5 4 3 2 1 3 7 6 5 4 3 5 7 6 5 7 8 7 6 5 4 3 2 1 3 4 5 7 
1 3 5 7 6 5 4 3 2 1 0 1 3 5 4 3 2 1 3 7 6 5 4 3 7 6 5 7 8 7 6 5 4 3 2 1 3 5 4 5 7 
1 3 5 7 6 5 4 3 2 1 0 1 3 5 4 3 2 1 5 6 5 7 8 7 6 5 4 3 2 1 5 4 3 5 7 6 5 4 3 5 7 
1 3 5 7 6 5 4 3 2 1 0 1 3 5 4 3 5 6 5 7 8 7 6 5 4 3 2 1 3 2 5 4 3 5 7 6 5 4 3 5 7 
1 3 5 7 6 5 4 3 2 1 0 1 3 5 8 7 6 5 4 3 2 1 3 5 4 3 2 3 5 7 6 5 7 8 7 6 5 4 3 5 7 
1 3 5 7 6 5 4 3 2 1 0 1 3 2 1 3 5 4 3 2 1 5 6 5 7 6 5 4 3 5 8 7 6 5 4 3 2 1 3 5 7 
1 3 5 7 6 5 4 3 2 1 0 1 3 2 1 3 5 4 3 2 1 5 6 5 7 8 7 6 5 4 3 2 1 5 7 6 5 4 3 5 7 
1 3 5 7 6 5 4 3 2 1 0 1 3 2 1 3 5 4 3 2 1 7 6 5 4 3 7 6 5 7 8 7 6 5 4 3 2 1 3 5 7 
1 3 5 7 6 5 4 3 2 1 0 1 3 2 1 3 5 4 3 5 6 5 7 8 7 6 5 4 3 2 1 3 2 5 7 6 5 4 3 5 7 
1 3 5 7 6 5 4 3 2 1 0 1 3 2 1 5 4 3 5 6 5 7 8 7 6 5 4 3 2 1 3 5 7 6 5 4 3 2 3 5 7 
1 3 5 7 6 5 4 3 2 1 0 3 5 4 3 2 1 3 5 6 5 7 8 7 6 5 4 3 2 1 3 5 7 6 5 4 3 5 7 6 7 
1 3 5 7 6 5 4 3 2 1 3 5 7 8 7 6 5 4 3 2 1 0 1 3 5 4 3 2 3 7 6 5 4 3 5 7 8 7 6 5 7 
1 3 5 4 3 2 1 0 1 3 5 7 6 5 4 3 2 1 0 3 5 7 8 7 6 5 4 3 2 1 3 5 7 6 5 4 3 5 7 8 7 
1 3 5 4 3 2 1 0 1 3 5 7 6 5 4 3 2 1 3 5 8 7 6 5 4 3 2 1 0 1 3 5 7 8 7 6 5 4 3 5 7 
1 3 5 4 3 2 1 0 1 3 5 6 5 4 3 2 1 3 5 7 6 5 4 3 2 1 0 1 3 5 7 8 7 6 5 4 3 2 1 5 7 
1 3 5 6 5 4 3 2 1 3 5 7 8 7 6 5 4 3 2 1 0 1 3 5 7 6 5 4 3 2 3 5 4 3 5 7 8 7 6 5 7 
1 3 5 6 5 4 3 2 1 3 5 4 5 7 6 5 7 8 7 6 5 4 3 2 1 0 1 3 5 4 3 2 3 5 4 3 5 7 6 5 7 
1 3 2 1 3 5 4 3 5 6 5 7 8 7 6 5 4 3 2 1 0 1 3 5 4 3 2 1 3 7 6 5 4 3 2 3 5 7 6 5 7 