1 3 5 7 9 11 10 9 8 7 6 5 4 3 2 1 0 1 3 5 7 9 8 7 6 5 4 3 2 1 3 5 7 6 5 4 3 5 7 9 11 10 9 8 7 6 5 7 9 8 7 9 11 10 9 11 12 11 10 9 8 7 6 5 4 3 2 1 3 5 4 3 5 7 6 5 7 9 8 7 6 5 7 9 11 10 9
1 3 5 7 9 11 10 9 8 7 6 5 4 3 2 1 0 1 3 5 7 6 5 4 3 2 1 3 5 7 9 8 7 6 5 4 3 5 7 9 11 10 9 8 7 6 5 4 3 2 1 3 5 7 9 11 12 11 10 9 8 7 6 5 4 3 2 1 3 5 7 9 11 10 9 8 7 6 5 7 9 8 7 9 11 12 11
1 3 5 7 9 11 10 9 8 7 6 5 4 3 2 1 0 1 3 5 7 6 5 4 3 2 1 3 5 7 9 8 7 6 5 4 3 5 7 9 11 10 9 8 7 6 5 4 3 2 1 3 5 7 9 8 7 9 11 10 9 11 12 11 10 9 8 7 6 5 4 3 2 1 3 5 7 9 8 7 6 5 7 9 8 9 11
1 3 5 7 9 11 10 9 8 7 6 5 4 3 2 1 0 1 3 5 7 6 5 4 3 2 1 3 5 7 9 8 7 6 5 4 3 5 7 9 11 10 9 8 7 6 5 4 3 2 1 3 5 7 9 8 9 11 10 9 11 12 11 10 9 8 7 6 5 4 3 2 1 3 5 7 9 8 7 6 5 7 9 8 7 9 11
1 3 5 7 9 11 10 9 8 7 6 5 4 3 2 1 0 1 3 5 7 6 5 4 3 2 1 3 5 7 9 8 7 9 11 10 9 8 7 6 5 4 3 2 1 3 5 7 6 5 4 3 5 7 9 8 7 9 11 10 9 8 7 6 5 7 9 11 12 11 10 9 8 7 6 5 4 3 2 1 3 5 7 6 7 9 11
1 3 5 7 9 8 7 6 5 4 3 2 1 0 1 3 5 7 6 5 4 3 2 1 3 5 4 3 5 7 9 8 7 6 5 7 9 11 10 9 8 7 6 5 4 3 2 1 3 5 7 9 11 10 9 8 7 6 5 4 3 5 7 9 11 12 11 10 9 8 7 6 5 4 3 2 1 0 1 3 5 7 9 8 7 9 11
1 3 5 7 9 8 7 6 5 4 3 2 1 0 1 3 5 4 3 2 1 3 5 7 6 5 7 9 8 7 6 5 4 3 5 7 9 11 10 9 8 7 6 5 4 3 2 1 3 5 7 9 11 12 11 10 9 8 7 6 5 4 3 2 1 0 1 3 5 7 9 11 10 9 8 7 6 5 4 3 5 7 9 8 7 9 11
1 3 5 7 9 8 7 6 5 4 3 2 1 3 5 4 3 5 7 6 5 7 9 8 7 6 5 7 9 11 10 9 8 7 9 11 12 11 10 9 8 7 6 5 4 3 2 1 0 1 3 5 7 6 5 4 3 2 1 3 5 4 3 5 7 6 5 7 8 7 9 11 10 9 8 7 6 5 4 3 5 7 9 8 7 9 11
1 3 5 7 9 8 7 6 5 4 3 5 7 9 11 10 9 8 7 6 5 4 3 2 1 0 1 3 2 1 3 5 4 3 5 7 6 5 7 9 8 7 9 11 10 9 11 12 11 10 9 8 7 6 5 4 3 2 1 3 5 7 6 5 4 3 5 7 9 8 7 6 5 4 3 5 7 9 11 10 9 8 7 9 11 10 9
1 3 5 7 9 8 7 6 5 4 3 5 7 9 11 12 11 10 9 8 7 6 5 4 3 2 1 0 1 3 2 1 3 5 4 3 5 7 6 5 7 9 8 7 9 11 10 9 8 7 6 5 4 3 2 1 3 5 7 6 5 4 3 5 7 9 11 12 11 10 9 8 7 6 5 4 3 5 7 9 11 10 9 8 7 9 11
1 3 5 7 6 5 4 3 2 1 3 5 7 9 11 10 9 8 7 6 5 4 3 2 1 3 5 7 9 11 10 9 8 7 6 5 4 3 5 7 9 8 7 6 5 7 9 11 10 9 11 12 11 10 9 8 7 6 5 4 3 2 1 0 1 3 2 3 5 4 3 5 7 6 5 7 9 8 7 6 5 7 9 11 10 9 11