0 2 1 0 2 4 3 2 4 6 5 4 6 8 10 9 8 7 6 8 10 12 11 10 9 8 10 12 14 13 12 11 10 12 14 13 12 14 16 15 14 16 18 17 16 15 14 13 12 11 10 9 8 7 6 5 4 3 2 1 0 2 4 6 8 7 6 5 4 6 8 10 9 8 10 12 14 16 18 19 18 17 16 15 14 13 12 11 10 9 8 7 6 5 4 3 2 1 0 2 4 6 8 10 12 14 13 12 11 10 9 8 7 6 5 4 3 2 4 6 8 7 6 5 4 6 8 10 12 11 10 9 8 10 12 14 16 15 14 13 12 11 10 9 8 7 6 8 10 12 14 16 15 14 13 12 14 16 18 17 16 15 14 13 12 11 10 9 8 7 6 5 4 3 2 4 6 5 4 6 8 7 6 8 10 12 11 10 9 8 10 12 14 13 12 11 10 12 14 16 18 17 16 15 14 13 12 14 16 18
0 2 1 0 2 4 3 2 4 6 5 4 6 8 7 6 8 10 12 14 13 12 11 10 9 8 10 12 14 16 15 14 16 18 17 16 15 14 13 12 11 10 9 8 7 6 5 4 3 2 1 0 2 4 6 8 7 6 5 4 6 8 10 9 8 10 12 14 13 12 11 10 9 8 7 6 5 4 3 2 4 6 8 10 12 14 16 15 14 16 18 17 16 15 14 13 12 11 10 9 8 10 12 11 10 12 14 13 12 14 16 15 14 16 18 19 18 17 16 15 14 13 12 11 10 9 8 7 6 5 4 3 2 1 0 2 4 6 8 7 6 5 4 3 2 4 6 8 10 9 8 10 12 11 10 9 8 7 6 5 4 6 8 7 6 8 10 9 8 10 12 14 13 12 11 10 9 8 7 6 8 10 12 14 16 15 14 13 12 11 10 12 14 16 18 17 16 15 14 13 12 11 10 9 8 10 12 14 16 18
0 2 1 0 2 4 6 8 7 6 5 4 3 2 4 6 8 10 12 14 13 12 14 16 15 14 16 18 17 16 15 14 13 12 11 10 9 8 7 6 5 4 3 2 1 0 2 4 6 8 10 12 14 13 12 11 10 9 8 7 6 5 4 3 2 4 6 8 10 12 11 10 9 8 7 6 5 4 6 8 10 12 14 16 15 14 13 12 11 10 9 8 7 6 8 10 12 14 13 12 11 10 9 8 10 12 14 16 15 14 13 12 14 16 18 17 16 15 14 16 18 19 18 17 16 15 14 13 12 11 10 9 8 7 6 5 4 3 2 1 0 2 4 6 8 10 12 14 13 12 11 10 9 8 7 6 5 4 3 2 4 6 5 4 6 8 7 6 8 10 9 8 10 12 11 10 9 8 7 6 8 10 12 14 16 15 14 13 12 11 10 12 14 16 18 17 16 15 14 13 12 11 10 9 8 10 12 14 16 18
0 2 1 0 2 4 6 8 7 6 5 4 3 2 4 6 8 10 12 14 16 18 17 16 15 14 13 12 11 10 9 8 7 6 5 4 3 2 1 0 2 4 6 8 10 12 14 16 15 14 13 12 11 10 9 8 7 6 5 4 3 2 4 6 8 10 9 8 7 6 8 10 12 11 10 12 14 13 12 11 10 9 8 10 12 14 16 18 17 16 15 14 13 12 11 10 9 8 7 6 5 4 6 8 7 6 8 10 9 8 10 12 14 16 18 17 16 15 14 13 12 11 10 12 14 16 15 14 13 12 14 16 18 19 18 17 16 15 14 13 12 11 10 9 8 7 6 5 4 3 2 1 0 2 4 3 2 4 6 5 4 6 8 7 6 8 10 9 8 7 6 5 4 6 8 10 12 11 10 9 8 7 6 8 10 12 14 13 12 11 10 12 14 16 18 17 16 15 14 13 12 11 10 9 8 10 12 14 16 18
0 2 1 0 2 4 6 8 7 6 5 4 3 2 4 6 8 10 9 8 10 12 11 10 9 8 7 6 5 4 6 8 10 12 14 16 18 17 16 15 14 13 12 11 10 9 8 7 6 5 4 3 2 1 0 2 4 6 8 10 12 14 16 15 14 13 12 11 10 9 8 7 6 5 4 3 2 4 6 8 7 6 8 10 12 14 13 12 11 10 9 8 10 12 14 16 18 17 16 15 14 13 12 11 10 9 8 7 6 5 4 6 8 7 6 8 10 9 8 10 12 14 16 15 14 13 12 11 10 12 14 16 18 17 16 15 14 13 12 11 10 9 8 10 12 14 16 18 19 18 17 16 15 14 13 12 11 10 9 8 7 6 5 4 3 2 1 0 2 4 3 2 4 6 5 4 6 8 7 6 5 4 6 8 10 9 8 7 6 8 10 12 11 10 9 8 10 12 14 13 12 14 16 18 17 16 15 14 16 18
0 2 4 3 2 1 0 2 4 6 5 4 6 8 7 6 5 4 3 2 4 6 8 10 12 14 13 12 11 10 9 8 7 6 8 10 12 14 16 15 14 16 18 17 16 15 14 13 12 11 10 9 8 7 6 5 4 3 2 1 0 2 4 6 8 10 12 14 13 12 11 10 9 8 7 6 5 4 3 2 4 6 8 10 9 8 10 12 11 10 12 14 13 12 14 16 15 14 16 18 17 16 15 14 13 12 11 10 9 8 7 6 5 4 6 8 10 12 14 16 18 19 18 17 16 15 14 13 12 11 10 9 8 7 6 5 4 3 2 1 0 2 4 3 2 4 6 5 4 6 8 10 9 8 7 6 8 10 12 11 10 12 14 13 12 11 10 9 8 7 6 5 4 6 8 10 12 14 16 15 14 13 12 11 10 9 8 7 6 8 10 12 14 16 18 17 16 15 14 13 12 11 10 9 8 10 12 14 16 18
0 2 4 3 2 1 0 2 4 6 5 4 6 8 7 6 8 10 9 8 10 12 14 13 12 11 10 9 8 10 12 14 16 15 14 13 12 11 10 12 14 16 18 17 16 15 14 13 12 11 10 9 8 7 6 5 4 3 2 1 0 2 4 6 8 10 9 8 7 6 5 4 3 2 4 6 8 7 6 5 4 6 8 10 9 8 7 6 8 10 12 11 10 9 8 10 12 14 13 12 11 10 12 14 16 15 14 16 18 17 16 18 19 18 17 16 15 14 13 12 11 10 9 8 7 6 5 4 3 2 1 0 2 4 6 8 10 12 14 16 15 14 13 12 11 10 9 8 7 6 5 4 3 2 4 6 8 7 6 8 10 9 8 10 12 14 13 12 11 10 9 8 7 6 5 4 6 8 7 6 8 10 12 14 16 18 17 16 15 14 13 12 11 10 9 8 10 12 11 10 12 14 16 15 14 13 12 14 16 18
0 2 4 3 2 4 6 5 4 6 8 10 9 8 7 6 8 10 12 14 16 15 14 13 12 11 10 9 8 7 6 5 4 3 2 1 0 2 4 6 8 10 12 11 10 9 8 7 6 5 4 3 2 4 6 5 4 6 8 10 12 14 13 12 11 10 9 8 7 6 8 10 12 14 16 15 14 13 12 14 16 18 17 16 15 14 13 12 11 10 9 8 7 6 5 4 3 2 1 0 2 4 6 5 4 3 2 4 6 8 10 12 11 10 9 8 7 6 5 4 6 8 10 12 14 13 12 14 16 15 14 13 12 11 10 9 8 7 6 8 10 12 14 16 18 17 16 15 14 13 12 11 10 9 8 7 6 5 4 3 2 4 6 8 10 12 11 10 9 8 10 12 14 13 12 14 16 15 14 16 18 19 18 17 16 15 14 13 12 11 10 9 8 7 6 5 4 3 2 1 0 2 4 6 8 10 12 14 16 18
0 2 4 3 2 4 6 5 4 6 8 7 6 5 4 6 8 10 9 8 7 6 8 10 12 14 13 12 11 10 9 8 10 12 14 16 18 17 16 15 14 13 12 11 10 9 8 7 6 5 4 3 2 1 0 2 4 3 2 4 6 5 4 6 8 7 6 8 10 12 14 16 15 14 13 12 11 10 9 8 10 12 11 10 12 14 13 12 14 16 15 14 16 18 17 16 18 19 18 17 16 15 14 13 12 11 10 9 8 7 6 5 4 3 2 1 0 2 4 6 8 7 6 5 4 3 2 4 6 5 4 6 8 10 9 8 7 6 8 10 12 11 10 9 8 10 12 11 10 12 14 13 12 14 16 15 14 13 12 11 10 9 8 7 6 5 4 3 2 4 6 8 10 12 14 16 18 17 16 15 14 13 12 11 10 9 8 7 6 5 4 6 8 7 6 8 10 12 11 10 9 8 10 12 14 13 12 14 16 18
0 2 4 3 2 4 6 8 10 9 8 7 6 5 4 6 8 7 6 8 10 12 11 10 9 8 10 12 14 13 12 11 10 9 8 7 6 5 4 3 2 1 0 2 4 3 2 4 6 5 4 6 8 7 6 8 10 12 14 16 15 14 13 12 11 10 9 8 7 6 5 4 6 8 10 12 11 10 12 14 16 15 14 13 12 14 16 18 17 16 15 14 13 12 11 10 9 8 7 6 5 4 3 2 1 0 2 4 3 2 4 6 5 4 6 8 10 12 11 10 9 8 7 6 5 4 6 8 10 9 8 10 12 11 10 12 14 13 12 14 16 18 17 16 15 14 13 12 11 10 9 8 7 6 8 10 12 14 16 18 19 18 17 16 15 14 13 12 11 10 9 8 7 6 5 4 3 2 1 0 2 4 6 5 4 3 2 4 6 8 10 12 11 10 9 8 7 6 8 10 12 14 16 15 14 13 12 14 16 18
0 2 4 6 5 4 3 2 4 6 8 10 9 8 7 6 5 4 6 8 10 12 14 13 12 11 10 9 8 7 6 8 10 12 14 16 15 14 13 12 11 10 9 8 7 6 5 4 3 2 1 0 2 4 3 2 4 6 5 4 6 8 10 12 11 10 9 8 7 6 8 10 12 14 13 12 14 16 15 14 16 18 17 16 15 14 13 12 11 10 9 8 7 6 5 4 3 2 1 0 2 4 3 2 4 6 5 4 6 8 10 12 11 10 9 8 7 6 8 10 12 14 13 12 14 16 15 14 16 18 17 16 15 14 13 12 11 10 9 8 7 6 5 4 3 2 4 6 8 10 12 11 10 9 8 7 6 5 4 6 8 10 12 14 13 12 11 10 9 8 10 12 14 16 15 14 13 12 14 16 18 19 18 17 16 15 14 13 12 11 10 9 8 7 6 5 4 3 2 1 0 2 4 6 8 10 12 14 16 18