0 1 2 3 2 4 3 7 6 5 4 3 2 1 0 6 5 4 7 6 5 4 3 2 1 2 3 4 3 2 5 4 3 4 6 5
0 1 2 6 5 4 3 2 1 0 5 4 3 7 6 5 4 3 2 1 0 2 3 6 5 4 7 6 5 4 3 2 3 4 6 5
0 1 2 7 6 5 4 3 2 1 0 1 2 6 5 4 3 2 5 4 3 7 6 5 4 3 2 1 2 7 6 5 4 3 4 5
0 1 6 5 4 3 2 1 0 3 5 4 3 6 5 4 3 2 1 2 3 4 7 6 5 4 3 2 1 0 3 7 6 5 4 5
0 1 7 6 5 4 3 2 1 0 5 4 3 4 6 5 4 3 2 1 2 3 4 7 6 5 4 3 2 1 3 4 7 6 5 4
0 2 1 3 2 6 7 6 5 4 3 2 1 0 1 5 4 3 2 6 5 4 3 2 1 4 6 5 7 6 5 4 3 2 3 4
0 2 1 6 7 6 5 4 3 2 1 0 5 4 3 6 5 4 3 2 1 2 3 5 4 7 6 5 4 3 2 3 7 6 5 4
0 5 4 3 2 6 7 6 5 4 3 2 1 0 2 3 5 4 6 5 4 3 2 1 2 3 4 3 7 6 5 4 3 7 6 5
0 5 4 6 5 4 3 2 1 2 3 4 3 2 5 4 7 6 5 4 3 2 1 0 1 2 3 4 3 7 6 5 4 3 6 5
1 0 2 3 2 1 0 5 7 6 5 4 3 2 1 0 5 4 3 4 5 6 7 6 5 4 3 2 1 3 2 4 6 5 4 3
1 0 2 3 2 1 5 7 6 5 4 3 2 1 0 5 4 3 4 6 5 6 7 6 5 4 3 2 1 2 3 2 4 5 4 3
1 0 2 3 2 1 7 6 5 4 3 2 1 0 6 5 4 3 4 6 5 7 6 5 4 3 2 1 2 3 2 4 5 4 3 7
1 0 3 2 1 0 3 7 6 5 4 3 2 1 0 6 5 4 3 2 4 3 5 6 5 4 3 7 6 5 4 3 2 1 2 3
1 0 3 2 1 0 3 7 6 5 4 3 2 1 0 6 5 4 3 2 4 3 5 6 5 7 6 5 4 3 2 1 2 5 4 3
1 0 3 2 1 0 3 7 6 5 4 3 2 1 0 6 5 4 3 2 4 3 5 7 6 5 4 3 2 1 2 7 6 5 4 3
1 0 3 2 1 0 4 3 2 1 3 4 5 4 3 2 1 6 7 6 5 4 3 2 1 0 5 4 6 5 4 3 2 1 2 3
1 0 3 2 1 0 4 5 4 3 2 3 4 5 6 5 4 3 2 1 2 4 3 7 6 5 4 3 2 1 0 1 2 3 6 5
1 0 3 2 1 2 3 4 5 4 3 2 3 6 5 4 7 6 5 4 3 2 1 0 1 2 3 4 3 2 1 2 6 5 4 3
1 0 3 2 1 4 3 7 6 5 4 3 2 1 0 1 6 5 4 3 2 4 3 5 6 5 4 7 6 5 4 3 2 1 2 3
1 0 4 3 2 1 2 3 4 3 2 5 6 5 4 3 4 5 7 6 5 4 3 2 1 0 1 2 3 2 1 4 5 4 3 2
1 0 6 7 6 5 4 3 2 1 0 5 4 3 2 3 4 5 6 5 4 3 2 1 2 4 3 7 6 5 4 3 2 6 5 4
1 0 7 6 5 4 3 2 1 0 3 4 3 2 1 5 6 5 4 3 2 1 4 5 6 7 6 5 4 3 2 1 4 5 4 3
1 2 3 2 1 6 5 4 3 2 3 5 4 6 5 4 3 7 6 5 4 3 2 1 0 2 1 3 2 3 4 5 4 3 6 7
1 2 4 3 2 6 5 4 3 5 4 6 7 6 5 4 3 2 1 0 3 2 1 2 3 4 5 6 5 4 3 2 3 4 5 7
1 2 5 4 3 4 6 5 7 6 5 4 3 2 1 0 3 2 4 5 4 3 2 1 2 3 4 5 6 7 6 5 4 3 4 5
1 2 5 6 5 4 3 4 5 7 6 5 4 3 2 1 0 3 2 1 4 5 4 3 2 3 4 5 6 7 6 5 4 3 4 5
1 6 5 4 3 2 4 3 5 7 6 5 4 3 2 1 0 2 1 7 6 5 4 3 2 3 4 5 6 5 4 3 4 7 6 5
2 1 0 2 3 6 5 4 3 2 1 2 3 4 5 4 6 5 7 6 5 4 3 2 1 0 1 4 3 2 4 3 5 4 3 2
2 1 0 3 2 1 0 4 5 4 3 2 3 4 5 6 5 4 3 2 1 2 4 3 7 6 5 4 3 2 1 0 1 2 3 6
2 1 0 3 4 3 2 1 2 3 4 5 6 5 4 3 2 1 3 5 4 7 6 5 4 3 2 1 0 1 2 3 4 3 2 6
2 1 4 3 2 1 0 1 5 4 3 4 5 6 5 4 3 2 1 3 2 4 5 4 3 6 7 6 5 4 3 2 1 0 1 2
2 3 2 1 0 4 6 5 4 3 2 1 0 3 4 5 6 5 4 3 2 1 3 4 3 2 7 6 5 4 3 2 1 0 6 7
2 3 4 3 2 1 0 1 2 3 4 5 4 3 2 3 6 5 4 7 6 5 4 3 2 1 0 2 1 3 4 3 2 1 5 6
2 4 3 2 1 2 3 4 5 4 3 2 1 0 1 2 7 6 5 4 3 2 1 0 5 4 3 7 6 5 4 3 2 1 6 7
3 2 1 0 1 2 3 4 3 2 1 0 3 5 4 6 5 4 3 2 1 0 3 4 5 7 6 5 4 3 2 1 0 4 3 2
3 2 1 0 2 1 3 4 5 4 3 2 1 0 3 2 6 5 4 3 5 4 6 7 6 5 4 3 2 1 0 3 2 1 4 3
3 2 1 0 2 3 4 5 4 3 2 1 0 4 6 5 7 6 5 4 3 2 1 0 4 3 5 4 3 2 1 3 6 5 6 7
3 2 1 0 4 5 4 3 2 1 0 3 2 4 5 6 5 4 3 2 1 0 4 3 2 7 6 5 4 3 2 1 0 6 5 7
3 2 1 0 4 5 4 3 2 1 3 4 5 7 6 5 4 3 2 1 0 1 4 3 2 5 7 6 5 4 3 2 1 5 6 7
3 2 3 5 4 6 5 4 3 2 1 0 2 1 3 4 3 7 6 5 4 3 2 1 0 3 2 7 6 5 4 3 5 7 6 7
3 2 4 3 4 5 6 7 6 5 4 3 2 1 0 5 4 6 5 4 3 2 1 2 3 4 3 2 5 4 3 4 6 5 7 6
3 2 5 4 3 2 1 0 2 3 5 4 5 6 7 6 5 4 3 2 1 0 4 3 2 5 6 5 4 3 2 1 4 5 6 7
3 4 3 2 1 0 5 6 5 4 3 2 1 0 3 2 4 5 4 3 2 1 6 7 6 5 4 3 2 1 0 5 4 6 5 7
3 4 3 2 1 2 3 4 5 4 6 5 7 6 5 4 3 2 1 0 3 4 3 2 1 2 3 5 4 3 2 1 6 5 6 7
3 4 3 2 1 5 7 6 5 4 3 2 1 0 4 3 5 6 7 6 5 4 3 2 1 5 4 3 2 3 4 5 6 5 7 6
3 5 4 3 2 1 5 6 7 6 5 4 3 2 1 0 4 3 5 6 5 4 3 2 1 2 3 4 5 4 3 7 6 5 7 6
4 3 2 1 0 1 2 3 2 5 4 3 5 4 6 5 4 3 2 1 0 3 2 1 4 3 7 6 5 4 3 2 1 0 5 6
4 3 2 1 0 3 4 5 6 5 4 3 2 1 0 3 2 4 5 4 3 2 1 6 7 6 5 4 3 2 1 0 5 4 6 7
4 3 2 1 2 3 4 3 5 4 6 5 7 6 5 4 3 2 1 0 3 4 3 2 1 2 3 5 4 3 2 1 6 5 6 7
4 3 2 1 3 2 3 4 5 4 3 2 1 0 1 2 7 6 5 4 3 2 1 0 5 4 3 7 6 5 4 3 2 1 6 7
4 3 2 1 4 5 7 6 5 4 3 2 1 0 4 5 6 7 6 5 4 3 2 1 5 4 3 2 3 4 5 4 6 5 7 6
4 3 2 5 6 5 4 3 2 1 0 2 1 2 4 3 5 4 3 2 1 6 5 4 6 7 6 5 4 3 2 1 0 4 5 6
4 3 2 7 6 5 4 3 2 1 0 5 6 7 6 5 4 3 2 1 3 4 5 4 6 5 4 3 2 3 4 5 6 7 6 5
4 5 4 3 2 1 2 3 4 3 2 6 5 4 6 5 7 6 5 4 3 2 1 0 4 3 2 1 2 3 4 5 4 6 5 7
4 5 6 5 4 3 2 1 0 4 3 2 1 2 4 3 5 4 3 2 1 6 5 7 6 5 4 3 2 1 0 4 5 4 7 6
5 4 3 2 6 7 6 5 4 3 2 1 0 1 2 3 5 4 3 6 5 4 3 2 1 2 3 4 7 6 5 4 3 7 6 5
5 4 3 4 6 5 7 6 5 4 3 2 1 0 2 3 2 1 4 5 4 3 2 1 3 4 5 7 6 5 4 3 4 7 6 5
5 4 3 4 6 5 7 6 5 4 3 2 1 0 3 2 1 2 4 3 5 4 3 2 1 5 6 5 7 6 5 4 3 4 5 6
5 6 7 6 5 4 3 2 1 0 5 4 3 2 3 5 4 6 5 4 3 2 1 2 3 7 6 5 4 3 5 4 7 6 5 7
